6.001862472251148217e-01
9.882901585956076485e-01
2.282525216211386265e-01
5.989806616275117346e-01
8.147067995708974220e-01
4.171158518257430670e-01
7.619170292979593473e-02
7.935397081264549124e-01
4.053191877791214592e-01
5.320795491279962652e-01
6.617520027535038762e-01
1.642815721382084870e-01
8.494672155707332362e-01
8.287459895668974896e-01
5.527789028026564022e-01
8.837061931688331429e-01
4.963538019598167095e-01
7.239445739145079495e-01
3.113701616823703056e-01
2.641277457153898833e-01
5.037164031450891422e-01
6.988864596895588699e-01
4.327913509631527988e-01
5.383826138713316833e-01
9.036784376202308122e-01
